5
17
0.000000 0.691212 0.000000 0.000000 0.308788 
0.045037 0.659728 -0.000000 -0.000000 0.295235 
0.000000 0.553653 0.000000 0.199011 0.247336 
0.036997 0.541958 -0.000000 0.178513 0.242532 
-0.000000 0.661867 0.000000 -0.000000 0.338133 
0.000331 0.661406 -0.000000 -0.000000 0.338263 
0.000000 0.677337 0.020072 0.000000 0.302590 
0.043208 0.632944 0.040599 -0.000000 0.283249 
-0.000000 0.539326 0.015983 0.203756 0.240936 
0.035026 0.513080 0.032911 0.189375 0.229609 
-0.000000 0.522458 0.000000 0.218424 0.259118 
-0.000000 0.516572 -0.000000 0.219523 0.263905 
0.000000 0.518303 0.002877 0.220259 0.258561 
0.009785 0.520729 0.000000 0.212153 0.257333 
0.000258 0.516293 0.000000 0.219401 0.264048 
0.006187 0.513259 0.005613 0.218039 0.256903 
-0.000000 -0.000000 0.000000 0.000000 -0.000000 
9
0
1
2
3
4
5
6
8
9
