5
16
0.232013 0.513976 0.000000 0.090951 0.163060 
0.183003 0.584491 0.000000 0.106387 0.126119 
0.277787 0.564670 0.000000 -0.000000 0.157543 
0.250592 0.616841 0.000000 0.000000 0.132567 
0.184797 0.000000 0.573900 0.111152 0.130151 
0.280783 0.569244 -0.000000 -0.000000 0.149973 
0.277341 0.595096 0.000000 0.000000 0.127562 
0.243705 0.532500 0.000000 0.094131 0.129665 
0.240825 0.545404 0.000000 0.096738 0.117033 
0.211370 -0.000000 0.556226 0.106562 0.125842 
0.277089 0.469014 0.097015 -0.000000 0.156883 
0.254701 0.119936 0.489114 0.000000 0.136249 
0.240675 0.000000 0.600122 0.023545 0.135658 
0.225796 0.076138 0.440633 0.097001 0.160431 
0.220235 -0.000000 0.523615 0.099524 0.156627 
-0.000000 0.000000 0.000000 0.000000 -0.000000 
9
0
1
2
3
5
6
7
8
9
